14
1          2.24415        0.05710        1.69905
6          1.86308       -0.02009        0.67564
1          2.25961        0.82363        0.10211
1          2.25508       -0.94640        0.24552
6          0.34223       -0.00891        0.68311
1         -0.02559       -0.87892        1.23945
1          0.00258        0.88120        1.22602
6         -0.27335        0.01220       -0.71629
1         -1.35963        0.12407       -0.61682
1          0.08610        0.88809       -1.26885
6          0.01174       -1.24563       -1.52237
1          1.07746       -1.34363       -1.74894
1         -0.31168       -2.14073       -0.98178
1         -0.52753       -1.21165       -2.47451
