14
1         -0.42185       -0.99379        3.54767
6         -0.01054       -1.12105        2.54142
1          0.71794       -0.32242        2.36866
1          0.51625       -2.08009        2.50852
6         -1.12442       -1.07550        1.50766
1         -1.85191       -1.86550        1.72775
1         -1.65150       -0.11770        1.58880
6         -0.58075       -1.25045        0.09111
1         -1.04305       -2.12577       -0.37993
1         -0.84254       -0.37798       -0.51884
6          0.92969       -1.42368        0.09158
1          1.42467       -0.54982        0.52714
1          1.22305       -2.30750        0.66705
1          1.29736       -1.54732       -0.93187
