14
1         -0.42185       -0.99379        3.54767
6         -0.01054       -1.12105        2.54142
1          0.71794       -0.32242        2.36866
1          0.51625       -2.08009        2.50852
6         -1.12442       -1.07550        1.50766
1         -1.85191       -1.86550        1.72775
1         -1.65150       -0.11770        1.58880
6         -0.58075       -1.25045        0.09111
1          0.14658       -0.46031       -0.12903
1         -0.05348       -2.20815        0.01002
6         -1.69466       -1.20519       -0.94262
1         -2.42285       -2.00411       -0.76993
1         -2.22181       -0.24635       -0.90963
1         -1.28333       -1.33222       -1.94890
